-0.6471298752436179
-0.4628527013276171
-0.8251697707263831
-0.6219434437035418
-0.05462565628404876
-0.18138928921271036
-0.6720362293250991
0.4192279075613283
-0.09729471708221943
-0.0636856600847239
-0.14770011111746853
-0.11169021033414374
-0.34422755369460273
0.09564734900991376
0.3120877746822848
-0.5633288917447921
-0.3877538089167718
-0.5618275239022303
-0.21086612981337313
0.3778545785476793
1.3560770154515571
2.8089109696727235
1.1232176938537428
-1.0382569437110014
1.0730821549419758
-0.1174507033217045
0.13359308008485885
-1.04308675057053
0.23496445567900917
-0.41414155191347785
0.20814112761776707
-1.444095587031643
0.270842284565247
0.5690563740625141
0.7319018423181111
-0.59834619044476
0.6343833730084347
-0.9078243705350882
-1.3435026806698258
-1.6162255066705902
-0.18247599293924355
0.19479839923519954
-0.7825472848472702
0.17397950047268507
0.6936975381132835
1.4272432310696326
-1.1296094723249903
0.1380041612718935
-0.5077475829909422
-0.5074722677003537
-1.6191635338774422
-0.07085370495110993
-0.032661062368709255
0.5953607586074718
-1.882427021303313
-1.1662110258014902
-0.16205519640748128
-0.6308073069919913
0.6435381819869099
-0.257016913186586
0.40753141251335245
0.2190434947191958
0.0008396322196470783
1.1711540121913862
-0.6337563739578134
-0.901847519125154
-0.35930893676812364
-0.6315303826180956
0.9630708470938971
-0.23845193171991874
-0.19280403364019313
-0.8355560654616575
0.18941560995310333
0.05457546411586742
0.057298341703755404
-0.9670705345767073
0.35146591814922373
0.3865674718613198
-1.8725702929131485
0.4336529778910629
-0.615139354281763
0.6541682711201504
0.4450399220389414
0.12504089474168248
0.26391724735663785
-0.27440382273945885
0.1044321354088783
0.1563198177706217
0.1418308228934406
-0.09047830376722157
-0.9628121774095619
1.132890512787621
0.006403530997287111
0.862877123416041
-0.39489058236873137
0.24407735805914502
-0.46742212132878447
-0.26912803118918777
0.5011752091879168
0.9852641393697147
0.6761430696511432
-0.4644968074701918
0.16628102438409695
0.5661551939045119
-0.2770750090861627
1.0919002376923341
-0.8111331699897932
-0.0518721265577697
-0.7585253266975118
-0.4414119940651618
-0.043776582297503475
0.3707289827168746
0.08311836603287141
-0.8795388378570689
0.33357361942553054
0.07764613097272285
0.5837770530642661
1.0930409793996458
-0.09279644625525864
-0.4538200511740368
-0.6763126475540293
0.3792793934721407
0.8003300962049822
-0.7994457051157815
0.031259083718198334
0.5867281811577254
0.04937645086388048
0.21557843016928785
0.34475911566505485
-0.27739598765024853
-0.14316251143579184
0.18273381950874668
0.05849114811393228
-0.04675653213375138
-0.9447762836363661
-0.33834751106904737
0.24568057538106705
-0.06448787002461728
-0.537854767708011
-0.4643447198556647
0.8457279795940187
0.23304649546631603
-0.1408303465807058
0.017679228489325193
0.12215058478010052
0.6699707175682669
0.4339022588980787
0.11820533233271277
0.5376468176854702
-0.751150364267801
-0.08228264409342897
-0.1275196557520586
0.5240066374708636
-0.84017266593785
0.23942993311549407
-0.21371422665566656
-0.2852152291110137
0.1738295306725783
-0.7193201451519213
-1.2434678582080565
-0.2626870146229232
-1.0158767512715021
1.3126154505281222
-0.39306358887304094
1.3094113448794076
0.948480290190549
0.04427276585388114
-1.0693264556883126
-0.19026429854317908
-0.1503322116432744
-0.3948614262528516
-0.5298356967824256
-0.5109586696155815
0.19619989872555324
0.20388129728431756
0.1318576299547193
-0.0881221733345151
-0.20705875947790045
0.07326984112591016
0.6274539943182926
0.007623362078020429
0.26854096690000223
0.36641489452413784
-0.05118572498473656
0.8670572259232379
-0.8360942963389475
-0.48541459084304284
-0.6783108424113437
-0.6908899516747667
-1.3241447104528417
0.0662199126185536
0.7225832736593354
-0.8699624955542895
-1.5182889542142837
-1.4917666735063175
-0.4877842530624134
0.2199754837527137
-0.013573325370327557
0.2066631163872011
-0.8587740387888154
-1.0778802925169333
-0.9047119979022011
-0.8902668559722604
-1.1198801530573068
0.0392003157932432
-0.09135771698101139
0.12383710409380602
0.12330695120251008
-0.42369372624118085
0.7359769323940838
0.08873542433525941
0.11154980393561993
-0.5583529577416673
-0.7097174960871566
-0.6953399160618856
-0.29253568456320617
-0.7957305727829634
-1.017593584691811
-1.0275510305227973
2.2441206831991676
2.7376741905239994
-2.134086554709441
2.381031005465591
0.2902931078169955
1.109308409144443
0.13218089791433907
0.7615291955107498
1.9598439566228274
0.06678327468300913
-0.6079386215897737
-0.05129259102634849
0.5763422327380798
-0.5625972843969825
-0.5907942462741436
-0.43345228363038407
0.14038855264223604
-0.5539983485450499
0.06196521056547476
0.038186938374099186
0.18486864008268536
0.02401913788323012
0.015198796185151697
0.2848053634974548
-0.44302700431144154
-0.7927516860907713
-0.5943656255819729
0.47501338510049157
0.6448795092173146
-0.286532328055342
-0.45683979895875615
0.4075722198896882
-0.23654445049631373
0.5618443679875504
0.2303475000922841
-0.1033296736875608
-0.0031904138683765634
-0.28398922612570143
-0.8592116163664878
0.10581279013825538
0.9385093313594335
0.4293241835137664
-1.2755158462912013
-2.0900336183456174
-0.0808902970600821
-2.153771063642291
1.171603772805697
0.943128544258009
-0.18556557074666008
0.41829565495057014
-0.35415505961514565
1.361475448681753
2.5393966557404144
-0.19132896786247086
-0.19442871620324806
0.40249055616046425
1.277429107089476
1.0694114462898703
-0.7315462964456543
0.48029836239650614
-0.39490455741388436
0.1365395299227917
-0.28293425851126647
-0.14988219272350495
-0.33626261148619907
-1.1756878115041824
0.47002647101795125
-1.8133229154156163
1.6655493229436968
2.343390431365993
1.2925580405905248
1.0174401657198404
-0.06132959977562086
0.028534267184701083
1.3794796986164803
0.6829629638492788
0.5073490242942308
0.4696615599688468
0.7230375373543644
1.3857869916791263
2.910199884131664
0.6071390633833913
-0.761447589968628
-0.727896549277789
0.6360083943972692
-1.3145786336148986
1.0179585622600593
0.8315797288998904
-0.33879810230933133
-0.8207718985144566
0.4189377184692995
-0.365157336961134
-0.15193047758191866
0.017093152863404168
-1.0612858831492444
0.0054468547492133226
1.2450436760752746
1.1674493822532945
-0.28725894544701186
-0.11103057581277045
-1.334597725358998
1.1685492890266955
0.9527861903763306
-0.7050072328307644
0.16281470809015744
0.7612593777872378
0.14441827699756918
1.2516673358370436
-0.3159236224179495
0.6530689582096162
0.507722878372322
0.1485397524315763
-1.381848279438153
1.728203621586216
0.3778758656172405
1.488315036260988
1.3849985199245012
-1.0900946109744694
-1.1409307343299866
-0.6944262286048509
0.08359607304810346
-0.4972623211787847
-0.5373908418571504
-2.0811137605161405
0.08397873669159492
-0.27653796520664514
-1.522305014036306
-0.20734653836942385
0.3154466303178141
-0.04386175889639075
0.3991986203399803
-0.6270514009428011
0.15384154110989368
1.6701985096543712
-0.30359031890916377
-0.7568463918827446
0.1434622929931307
0.4245054355304902
-0.16773128199000284
0.02727346232552364
-1.7331001292264252
2.001810835297907
-1.154301433367415
-2.3244174677955405
-4.114706432894588
-1.6015016676670035
-0.691617944230044
2.4485128636811178
-1.779744903092999
0.06771894409615559
-1.3652474795672052
0.08928316657524074
0.4606048857672582
1.5033139239770859
-0.9915556485343254
-1.5476168250696858
-0.09205111814457514
-0.7491242941461136
-0.44868871948210237
-0.2547874356255706
-0.1773077037018667
0.12239986987445804
-0.04595014531158949
0.5368680160091668
0.06527121333238782
-0.37412953216012773
-0.07201357751298364
-0.7603708397743721
0.3582207421525887
-0.33018282251198156
-1.623209994892709
-0.17259099250198334
0.6883850341688695
0.1928708643420788
0.11654234132911194
0.7438307532561799
0.1512901860441772
0.2539416402395588
-0.09116486952682377
-0.6756721257499542
0.3311180475227605
-1.0687304808370484
1.3360943420398654
1.7509933823536288
-1.0578145747417864
0.18412929354379326
-0.2849803633969234
-1.1005360379792002
-2.5701083820094666
-0.13306070867471903
0.6884886370094337
0.10575978836471821
0.9287862123197136
-1.2420740069301772
-0.5767191734637143
-0.8932771194325949
0.05135089051025304
0.5905875442877068
1.0753309408445701
0.28569264632712976
2.050869076698404
0.051619725337878335
1.037640881102742
0.7294751514246084
0.3069773692292156
-0.2342079065101223
0.6830875451900973
0.1317808119300969
0.1616542134403741
-0.35933484630528223
0.42420511927635024
0.6387332111165198
0.5693118126458285
-0.09865385402714731
-0.505552950157823
-0.38152205881786894
0.11681950954348179
-0.3267871788559194
0.21652660388386716
0.8811820493262529
2.0452264401948947
1.6708874099908493
-0.028217634946141254
0.8750584191165108
-0.8031898535292007
-1.1757571782091247
-0.4751916412185896
-0.40264319723427006
0.9725797501479855
-1.1542860431195998
1.6322320250797937
-1.9000044825522064
0.02158698456299298
0.09283505226709884
0.6524227448656454
-0.19816926001302915
1.0211558615692835
-0.47885944885213383
1.6443314378965883
-0.039055833972530596
-1.3422182986677038
-0.8601541471048932
0.8603637527484715
-0.8717204655732534
0.18374241060909294
-0.7602026611756394
1.2128130079640667
-0.3542990390301432
1.1465538885761608
-1.897617652141794
0.2998377483362169
-1.1695599971140256
-0.3931554468974219
-0.44299964525014107
1.3441861395916685
-0.2857339656553295
0.31476920041210904
0.22248361169160374
-0.17226727499623298
0.31160075898487716
-0.02929635607965547
-0.05653928334857481
0.35555960674640974
0.3863008179833807
-0.7121821266101935
-0.38218224846378906
-0.13555279533741366
0.09401830507134383
-0.17938199014885134
-0.22180029656616385
-0.08115004355433045
-0.42855616117339346
-0.18384826343824398
-0.2276753632737253
-0.2937510891833347
-0.33380826856852924
0.6494436836722788
0.4019602881535821
-0.41902373857831743
0.5462106235288006
0.7204248241017
